%Temp Diffc = 200;
%j(logical(eye(size(j)))) = 4000;
%j = exp(-1*(j.^2)/(c)^2);
%disp(j);
j = [[    0.           567.05561048  5634.01898604  4388.99340126 4787.79668335  4081.62433019  2799.8337528   3558.51895584 622.97112745   813.1699974 ]
 [  567.05561048     0.          2233.72940413  1719.71706018 2234.99190479  1462.82247546  1677.44892504  1841.34946581 48.39350711   111.65114048]
 [ 5634.01898604  2233.72940413     0.           103.73730307 29.42948405   233.26461736   273.14242671    78.38563677 2823.11805381  2344.36869517]
 [ 4388.99340126  1719.71706018   103.73730307     0.           272.46646177 83.5027576   1698.51107122   346.45601777  2031.88364981 1823.58961606]
 [ 4787.79668335  2234.99190479    29.42948405   272.46646177     0. 229.18110677   855.94169192    22.25452761  2635.99911761 2604.43332602]
 [ 4081.62433019  1462.82247546   233.26461736    83.5027576    229.18110677 0.           745.2512391    223.89207897  1714.89517321 1262.51026337]
 [ 2799.8337528   1677.44892504   273.14242671  1698.51107122 855.94169192   745.2512391      0.           586.57945142 1920.08018907  2919.38459323]
 [ 3558.51895584  1841.34946581    78.38563677   346.45601777 22.25452761   223.89207897   586.57945142     0.          2114.77768139 2359.69474534]
 [  622.97112745    48.39350711  2823.11805381  2031.88364981 2635.99911761  1714.89517321  1920.08018907  2114.77768139     0. 27.3313797 ]
 [  813.1699974    111.65114048  2344.36869517  1823.58961606 2604.43332602  1262.51026337  2919.38459323  2359.69474534    27.3313797 0.        ]];
c = 190;
j = exp(-1*(j.^2)/(c)^2);
HT = [ -301.7758019    208.83222782  -128.84656454  -141.73951297    66.79154205 -386.13419805 -1006.51410099  -427.47936799  -312.03712063  -186.58421547];
%HT = exp(-1*(HT.^2)/(c)^2);
HS = [ 224.21192255  438.17663096  365.12011186  287.42589307  170.81577995 312.58290408 -387.08541407  111.17871209  798.46512622 -138.30122085]; 
%HS = exp(-1*(HS.^2)/(c)^2);
HR = [ -28.68893778  -86.64073202 -170.75249074  -55.76764225  -38.53110514 -129.40646169  -60.76097439  -75.22140582 -131.38677441    4.5338165 ];
%HR = exp(-1*(HR.^2)/(c)^2);
% Temp Diff: [-297.19238281  205.95378113 -126.50127411 -140.07322693   66.08506775
%  -380.85751343 -995.19342041 -422.43051147 -306.04510498 -184.14865112]
% Snow Diff: [ 213.37771606  424.79779053  347.42486572  264.6048584   163.20288086
%   296.54916382 -380.58624268  108.22940063  761.17926025 -127.72707367]
% Rain Diff: [ -28.60266304  -86.18679047 -169.91542053  -55.30668259  -38.31535721 -128.98060608  -60.43912888  -74.78918457 -130.78125       4.50525141]
disp('Temp Diff')
disp(gabp(j, HT));
disp('Snow Diff')
disp(gabp(j, HS));
disp('Rain Diff')
disp(gabp(j, HR));sr = zeros(1000);
j = [[    0.           567.05561048  5634.01898604  4388.99340126 4787.79668335  4081.62433019  2799.8337528   3558.51895584 622.97112745   813.1699974 ]
 [  567.05561048     0.          2233.72940413  1719.71706018 2234.99190479  1462.82247546  1677.44892504  1841.34946581 48.39350711   111.65114048]
 [ 5634.01898604  2233.72940413     0.           103.73730307 29.42948405   233.26461736   273.14242671    78.38563677 2823.11805381  2344.36869517]
 [ 4388.99340126  1719.71706018   103.73730307     0.           272.46646177 83.5027576   1698.51107122   346.45601777  2031.88364981 1823.58961606]
 [ 4787.79668335  2234.99190479    29.42948405   272.46646177     0. 229.18110677   855.94169192    22.25452761  2635.99911761 2604.43332602]
 [ 4081.62433019  1462.82247546   233.26461736    83.5027576    229.18110677 0.           745.2512391    223.89207897  1714.89517321 1262.51026337]
 [ 2799.8337528   1677.44892504   273.14242671  1698.51107122 855.94169192   745.2512391      0.           586.57945142 1920.08018907  2919.38459323]
 [ 3558.51895584  1841.34946581    78.38563677   346.45601777 22.25452761   223.89207897   586.57945142     0.          2114.77768139 2359.69474534]
 [  622.97112745    48.39350711  2823.11805381  2031.88364981 2635.99911761  1714.89517321  1920.08018907  2114.77768139     0. 27.3313797 ]
 [  813.1699974    111.65114048  2344.36869517  1823.58961606 2604.43332602  1262.51026337  2919.38459323  2359.69474534    27.3313797 0.        ]];

count = zeros(1000);
for c=1:1000
    y = exp(-1*(j.^2)/(c)^2);
    sr(c) = max(abs(eig(y)));
    count(c) = sum(abs(y(:))<mean(y(:)));
end
plot(1:1000, sr./max(sr(:)));
hold on;
plot(1:1000, (count-min(count))./(max(count)-min(count)));
p = exp(-1*(j.^2)/(200)^2)*1.0e+04*[-0.0321   -0.0113    0.0582    1.0500    0.1634   -0.0526   -0.0923   -0.3149    0.0373   -0.0300]';
disp(p);

%disp(max(abs(eig(j))))